0101001111111000
1100010111100110
0101100100110011
1110110001110100
1010010001110011
0010100101111111
1001010010001010
0001111101010000
0101011111110000
1101000010000001
0011011011111000
0011100101010100
0101100101010010
1010100101010111
1110110101000001
1011111011000100
0000000101011001
1001011000111010
0111111000110100
1010000010010000
0110000110110100
0011001010110100
0110011100010000
1110010101001001
1101001010001100
1110011101100111
1001101001101011
1101000010001101
0101111011001100
1101100000110001
1110000000011101
1100000000111000
0100111110100101
0100001101011000
1001000100101010
0010000001010110
0110010100011010
1101000010011110
0001110110111100
0011110100011101
0000100001001101
0001000001101111
1101111111000110
1111100101001101
1111001111001100
0101000100001100
1101100001101011
0010011011101011
1101001001010001
0010011001010000
0011010111100000
0100111010100001
0010001100111000
0101101100101011
0101000000011001
1100011001110011
1010000110011100
1011101001101101
1111111010111000
1010011011100100
1100101001000110
1011000110001100
0011101001001011
1101000101010001
1011100111011010
1010010000001011
0110011110111110
1010000011010000
1010010100110000
0111110101110110
1110011101001111
1111011101101110
1101110111110001
0010100110100110
0000101000101001
1101111001110010
1111110000000011
1010111111110000
0001000010110101
0111010101110110
1011011100101001
1100001011101101
0010101101011010
1010111001111001
0011111100100000
0101010001110101
1110101101100100
1011001101010111
0001111010011111
0011011110100101
1000000001010100
1110110001000010
1110000111011001
0110011110001011
0110011101111010
0011000010010011
0101010001001001
1011100010110001
0101100011000001
0100100100101101
0101110110100110
1111011111101010
0010111010000110
1100010010000110
0010000010111001
1001111111001110
0001010010101010
1011001011011111
0011010111001101
0000100001101011
0111100001100111
1101111001110101
0111100010100010
0010011111100001
0001101111101010
0000110010001101
0111010101111001
0100010110101100
1100010010101010
1101010000111110
1000100010001010
0100110100000111
1101011111101111
1101100111110001
0101101010100100
1010010100001100
1000111000110010
1100100100101100
0110011011111001
1000110110110111
0110010111011100
0101000100110100
0111101100100000
1100000001111110
1000101000111011
1010000111101111
1101110111011110
1111110010101111
0000010010000010
1001110101101001
1100010111101001
0000001000100010
1001101101011101
1110101011111100
1001000011111010
0001001101010111
1100011001111011
1111110100011010
1001011011011011
1010010010000110
1100000010100111
1000100001010011
0001101001000110
0111101000100011
1101100111101110
1010111101110010
0110101101000010
1111011011010110
1110000101111100
0010001011001110
0001010101110000
1101110000000000
1011011001000100
1010010110000011
0000011111100100
0001011010111000
0010101100111101
0011010111001100
1111010011100010
1000101111010001
0111101111110000
1001111011001100
0010011011110111
0111110001010010
1110101000000110
0000001111100010
1001101011001100
1111000000011110
1000111010100110
1000101100100010
0101111000010100
1000111110001011
0110000001101011
1010000111010101
0001001100001111
1001010101101010
1101011110010110
1100110001111101
0001110011000010
0111001111011100
0110101100100101
1111101100001000
0010100101011000
0100110010010001
0101011111101010
1001100000111110
1001001011001110
0010000000011110
0011011000010010
1010111111011011
0010111001111111
0111111111011110
0110000110110011
1001000010010010
0110100001001111
0001111001011001
0100010011001001
1101010100100101
1000001001001011
0000100111001000
1001010010111110
0111001111111010
1011010100001111
0001011101011001
0110011100101110
0000000100100000
1011101010001110
0110100001001010
0010100101000011
0111101101011100
1011100011110100
0100111010011111
0110100010000100
1111100000110011
1100001001001101
0011110111110010
0100000010000100
0101011011010101
0100101010001100
0010101010100100
0110100110100010
1110010011000001
0010100011011110
0111110111111100
0011001001001100
0010110011011011
0110110110101111
0011010110011101
0110000011010110
1111111101101011
0111000101110101
1111100010111110
0000010111001001
0001101011010100
1111110011011111
0100111101110001
0111111010000011
0111101100011111
1011011011100101
1101101000101111
1111110011101000
1001011010011111
1111111010100001
0010000001100111
0100110001100001
0101011110010100
1001000111101100
0010000111111010
0011110010101111
0010011101010111
0000010111110010
0110110010101000
0101101010110011
0100111000011111
0000100100100100
1000011111010000
1001001111000100
0001000011111101
0110110000011110
0011010101110010
0011111001011100
1000001011010010
1010000101010110
1101010111011010
0001011000101011
1110111111100011
1110001110111010
0011111000101010
0111001111110110
0110111010100110
0110100011000111
0011100011001010
0011010100101111
0111011100110011
0010011111111111
0111001001001100
1000111000111111
1110101100110100
0111011110001001
0000101010101111
1100100010100111
1011100111010001
1101100101110111
0111010011011011
1110111111111100
0000100000001100
0101010100010011
1100110010100011
1101010011111000
0100000111010011
1100000111010111
1110111101000101
1110111010000110
0010110111101110
1011011100011111
0001110101001100
0010000100111111
1011100001010110
1101011110111001
1100100100000110
1111100100011011
1111010010011001
1100011001010100
1111110000011110
1111000111000011
1011111011110010
0000101000001101
0100101111110010
0100111100101001
1000101011000010
0100111001000001
0010001111110110
1111101110001101
1010000000110110
0110101110111000
0001111110010000
1011001001011100
0011111110011110
0011100000000010
0101000010111101
1101001010001010
1111001100111000
1101110100110101
1111100010100111
0011110011101111
1001011100110101
0011011010110000
0100000111101110
1000001010001000
0100001100111101
0011100011100110
0011000111001110
0010000111101111
1100011100010111
0111111100011110
0000011010101111
0000001010110101
1010100100011110
1011010000100110
1001100000110110
0000010000110110
0001010010011100
0010000101001001
0110111111000101
0101010101010101
1000001011101001
0101101010100111
0111101101111111
0100101111101001
1101100010110010
1111110010001011
0110100010111111
1000001101110011
1000110010011000
1110010010000100
0001000000110101
0101000000111110
0010100011100001
1101000111001011
1101000001001011
0101110000010011
0111010101001000
1101100001011001
0101111010111011
1011110101100111
1001111010111100
1001011000100111
1101010011011001
0010111010001100
0011101110100000
0001000110000111
0011001110010000
1001010000001011
0101110000010100
0101011101100000
0010100010011000
1111100001101111
1101001111100111
0000110011101010
0011111011101110
0110010001111100
1001001000111101
1101001101000111
1110001010100111
1011111010010111
0100011101100101
0010000110010110
0101000101110110
0011110111100010
0110010111000011
0100010110000111
0011001001001001
1111000000001001
1110100101001100
0011000110001111
0000000100001010
1001000100011100
1011111000100000
0111110010100011
1110010011011100
1001111111100010
0110110111111110
0110100011000000
0101001010101001
1000110101110000
0110011001111001
1101000001000110
1110010111110000
0101101110010011
1111000110101101
1111101101101011
1111000100110101
1100000010000001
0001001000111101
0110011101000101
1011011001111001
1000110001111111
1101010000110011
1011000001101011
0010100010111100
1110100010000000
0101101001000100
1001110100011101
1011101101111010
1011011111111110
0000101001100110
1111101011011010
1111010111100000
0110110010000110
0111000011000001
1010100010000110
0011101110010111
0001111111000010
1111011011010111
0000000100111001
0111100111111001
0000001011100100
0001101101101001
1110111101100010
1111110001000100
0000001110001100
1110000111101110
0101101000110000
0001001100011000
0011011111101101
0101001011011111
1000111111110010
0111000001011101
1010001011011001
1111011010100010
1000011101000110
1001100000000001
1110111000110011
1110001111101100
0110011001000111
1111111101010101
0111111110111000
1010010000111001
1010100101101000
0011000101010100
0010011001100010
1110010111110010
0101001001010100
1010100000110010
1001000010101011
0011100011111101
1011110010100110
0000101111011000
0100000000100000
1010100001001111
1011001011000011
0010000011001001
1001111000110001
1101101100001111
0111110100010011
1100011000011111
0011100010011000
1100001010001101
0001110000110010
1010011110000101
1001111101100110
0101100110111000
1101000011110101
1000011001001001
1011010011110100
0111001000000001
0001010011001111
1011001011011001
1000000010101001
1001110111110110
1110101000111110
0100000001001110
0011001011110000
1010111111011101
1100110101111001
0000001111000101
1000101100111000
0011010110010110
1010011111100110
1111011110000100
0000101110000011
0101010000110011
0001100011011101
0000000000111010
0111011001000111
0010001000001010
0001101101001000
0001101011011101
0000011000101110
0010110001110101
0110001100000000
0110000100110000
1101000101100001
1011110111000101
1111100010010011
1110101001100110
1000011001101011
0000111100111110
1100101001101000
0101110010111100
1100110110010010
0110111110000011
0100011011000011
1100100110011100
0010110011100101
1011100110101111
0011100111110010
0010010110001000
0100010000011000
0011000011000001
1111101101100110
0110111000111110
1000011000000110
0000110011000110
1100001011011001
0000000110010000
1011001101101011
1100001101101111
1010111111000001
0100101010011010
1111111011010101
0001010100001011
1101101010101010
0100101010001001
0010011011111000
0101101011101110
1000000001010010
1000101110100100
0010100011101111
1100000000100010
1110101001110010
0111110100011011
0000010110110110
1110110110001111
1101101110111010
0010011101010001
0010000011110100
0010111011110101
1110100001010100
0011011101101000
0010000001011100
1001100100001000
1111011111110011
0111110010111000
1101000101000111
0000001111111101
0100100101101011
0000111001000111
1011001011011100
1101101100011000
0101100001000001
0000110101110010
0111101001101101
1110010110111001
0110010111010111
0011001001100011
0010010110111010
1101111100110010
0000010100001100
1111000110100111
0001010100110000
0001001010000100
0100000001100001
0101011101000111
1001011011111001
1000010000101010
1010100010100101
0001000100101110
1101010101111101
0111000101111111
1111111110011111
0101101111100110
1010101111000100
1001101010010010
1001100100001101
1111001101001001
0000111001110000
1000001001110011
0001011000101000
1100001100000011
1000110100000011
0111110001100100
0001101011001000
1000110011010001
0001101100110100
0101111010000100
0001110000101010
1110101000001010
1101110011110110
1101101111010111
1001010011011011
1010111001111111
1011111011010110
0001100110001010
0110110111000001
0001001011111110
0101110100000101
0011111100100010
0110110100000101
1101000111000001
0111111011001010
0010111100011001
0000010011000110
0111000000000000
1001001100101011
0100000010111000
1100010001000110
0100001101101100
0011001100111001
0110011010110100
1111010001001100
0001001010111001
0100111111010000
1101110000100001
0100111011111001
0001100110100110
0111000010110001
0101010111110010
1100010100100011
1110010011101011
0110001100110100
0101111100010010
1111111111101010
1001010000001110
1000101111001101
1000001011001100
1010111111011101
0011110110001000
0111001001101100
1000100010100111
1100011000100000
1101101111100011
0111011111100100
0011000111100101
1000111011111110
1001111100000000
0010100011101100
1100000010000010
1001111000111110
0101000110011110
0111011101100101
0111010111010001
1011000000110111
1100110011011111
1100101000111111
0100011011100111
0010101100000100
0100111010011000
0111000111001000
0011110110000110
0001010001001110
1001101100001010
1110001101111001
0110110011111011
0010101000010111
1000010111101100
1111110110011011
0010011011111001
1111111111011010
1101000010010101
0001011101111110
1101101010001010
1101001001110010
0111001111010100
1101111011110001
1110010001010010
1010011111000110
0010110001011100
0100010010010011
1110100011110001
0100001100010111
0010000110101111
1001001000110011
0000100111111100
0000101111110001
0000000000010110
0110100110010110
0011100010001000
0011011010001010
0101000111010110
0111111010000110
0000111100010010
1101111011110000
1111011011001000
0110100000101010
0000001111110011
1111110000100111
1011101100110010
1010010101110011
0100000111110110
1100111010000110
0110000101101111
0001001000100110
1010011111101100
0001111100110010
0101100001100010
0111111111010000
1000011000110000
0011011011101100
0100001111010111
0011010000110000
1100011010110011
1100010110101101
1010100100000001
0100010010010001
1010010001011110
1111110101100001
0011011000111011
0000111101000100
0110110010000010
0110101101100011
1000100111111010
0110100010111110
0100011110001111
1100101100111010
0110000111100111
1000001001101100
1110111010101111
0011101000011101
1110010111001000
0110011110110110
1111000001111110
1100011101010111
1000110010001000
1101010100100101
0111000101101101
0111101000110001
0001111111010001
1101100000010000
1001001011000101
1101000011011010
0000011010110011
0001101011111000
1100000010000010
1000111000111001
0001100010001011
0010111001000010
1111011110011110
0100100010010000
1010110100010111
1010100101111011
1001000000011001
1110011101101101
1101011000000110
0011110010001111
0000000101110011
1000100101100010
0001100010010011
1101010010001111
1111001110000111
0010100011011100
1001010011000111
0100110001010111
0000101110001001
