0011000000110110
1110100100100000
0000111101100001
0101011010111100
1110001011101111
1001100010100001
0010110111111001
1000000010111110
0100111001001101
1011101101001000
1011000100111101
0100100111110101
1011001000101011
0100111011100000
1101101011110010
1011100111010110
1001110010010010
1001101000100011
0000100000101111
1110101011101010
1110111111011001
1010111011100011
0000001100000111
0101101011001110
0000010101111010
0111010010000101
1001110001110011
0011101110111111
0110010101100000
0001100000100111
1101110101101000
0000100110011001
1100001011111011
1111011110101010
0110101110011100
0001011110101111
1110111001110111
0110011001000010
0000001000010011
1001010101101011
1101010111001001
0011111000001100
1111001010101000
1010001110110111
0010101000010010
0001000101101001
0101000100011010
0100010110011110
1001000101111110
0000010110101010
0100001010101000
0010100100110100
0101111001101000
0101110101100000
0011110001101100
0000001010000100
0111100110111011
1011110001100101
1110001010100111
0001111110010011
0011001101111000
1111111000110010
1000100101111010
1100101001001010
1001011010001001
1001101010111010
1100101000100100
0110001001000000
0011001110001001
0100111001110111
1001100011011100
1001001111000111
0011000011111010
0001111100011000
1100111010110100
1101011101110000
0001000100000010
1011100110011110
1110111101100110
0010111010110110
1001011011011110
0000101101110110
1101001001100001
0010111110110001
0111111110111000
1011011100001100
1000100010000001
1000111010101100
1000000011011100
0111110101000010
0000111010011111
1100001001100111
0001100011111001
0101011101011000
1011101111011110
0001100000000100
1011100110010101
1010010010000110
0000001101100101
1001010101110110
1000111010101111
1101000001010101
1011111011100111
0011001111111000
1001100101000010
0111001100011110
1101010011000111
1011100011110000
0111110011110010
1110000110011100
0101101001111101
1100110010010100
0011000111100011
1110001111110001
0011011100011001
1011100010101001
0100010010100100
0011010110000010
0101000000111110
1110001110010110
0001101000001110
1110110101101011
0010001101101111
0110010010101111
0111011010101010
1011101010111110
0100001100000101
0100111100111010
1011100110000111
0011110110001110
0111000010001001
0111100100001000
1000010110010010
1101111010011001
0011111100101011
0010001101110010
1101001100001111
1100101101010001
0110111011100011
1100110110110101
1101101110010011
0111111100010111
1100110111100111
0010010111001100
0001001001100001
0010101110110000
0011100001101011
0001010100100010
1001110111100001
1010000011001011
1101001101000100
1111000100110000
0111001010000100
0000110111001110
0111010001000100
1011001101111010
0000101110101110
0110101010011101
1101011001110011
0011101010110101
1110010110011111
1110001111010001
1010011000101001
0100000010111011
1011110011100011
0110001010011001
1100111110101111
1100100100101110
0111001001001110
1011010011101111
0111001000011011
1101001101011000
0110110101010001
1100011101000001
0101111100001100
1110011010111110
1110101110000101
1111011100100101
0101110101110000
1100010000000110
0011110111111100
0100111100000100
0100111010100110
0111011011110111
1110111110101111
0110000011001110
1111010010110110
1111110101010001
1111011110111001
1000110110110100
1010010100111110
0111111010101001
0111011101111101
0101111111100001
1011000000100110
1011101000010100
0001001101111100
1000111011101100
0011101000010111
0110110010111101
1110100011101000
0100111001111100
1110100011111101
0101111100110001
1000101100100101
1100010101101100
0001111001010010
0011000001000000
1110011100101001
1101110100011110
0011011111011010
1010111100010010
1111000101011110
1100101010110110
1000011001111100
1100001001011000
0100000011111101
0010000000001010
0010011000000111
0011001000111111
1000101101000001
1111110111010101
0000100111101001
0010000111001110
1100010111001101
0011000111110111
0010100010101111
0101011110001101
0111111010111010
1000100011001010
1110110011000101
1001101010001100
1001111001100110
0011000001111001
0010111110100111
0101111111101000
0010010111110110
1001011110111010
1001011101101101
1011011110000101
1011101011110111
1111010000000101
1100011111101111
0101000101000011
0101010101011000
0110011110100011
1011111000001001
1110110110101101
1100111111010101
0110010101010110
0101100100111110
1001100000101010
0100000101010010
1100000101010101
0001111000100110
0100011000000111
1000110101100110
1110100000100000
1001100010011011
0100101001100000
1100011100111100
1110101011100101
0001000101011101
0110101110000001
0011100011001000
0010010000001100
1000101000011001
0100011101111101
0000010111101010
1101011101010100
1000001011110011
1011001001000100
1001101101010110
1000001000110010
1011010001110000
1100101111000110
0101000000000101
0111000011100010
0010101110000010
0100101010000010
0111000001000011
1111010010011001
1010011000001001
1001100001001010
0010101001111110
1100111000110010
0010001010110011
1111111011111011
1111111010000101
1000000011100111
0100110001111001
0110110110100000
1110101101111111
0110011111100110
1010101101111101
0010101100000011
1101101000101101
1100000011110000
0010011101011001
0111001110100100
0110011101101101
0010001000100001
1001001011010100
0111000000101100
0011111000000010
1101010011110111
1111000010111000
0000100011111000
0000111100011111
0110111000001000
0000100001001010
1101101110000010
0111100111111100
1001101111101110
1010100011110101
1000001011110010
1110010101100111
0011001000011110
1111101111001001
0000011101001011
1010010110001010
0101001011101110
0101010010001010
0111111110100011
1001000011011010
0001000111101100
1000110001000110
1101001010110001
0100011110101001
0101110111111011
0010111010110101
1001111100010110
0011110001101101
1100110000000110
1011111110001100
0110101010000100
0110001001111111
0011010011111101
0001100010011011
0010000100011001
1100101111100111
0111001001111001
1001001111100000
0000000010000000
0101011011111011
0100001101101110
0011000001100111
1011111001011111
0010011011100010
1100000110110110
0011000101110000
1111011111110000
0111100011001001
0001000110110001
0010001101000010
0101101101110101
1011001010101100
0001010000111101
1110010001010101
0001010000001000
1001011011000101
0010010000111111
0101100000111011
0101010011010100
0110011010111010
1100001100001001
0011101100001110
0110000111000011
1001000100110111
0101100110011011
1001100010100010
1001111011100000
1001011101011101
0111010100010110
0011000110111110
0101001110100110
1100111000001011
1100111100101001
1011101111100100
0000011010110101
0111010001111110
0001110110000000
0110000011011010
0110100110111010
1111000001010001
1010111111111000
0110111111000111
0001011100011010
1001010010011010
0101010101000000
0001110111100110
1100100010111001
1001000000010101
1001001011110011
1010100100010010
1000001101101100
0101000100111001
1001001010111000
0100001100001001
0000100000001101
1111101110101001
1111000011101111
0111010100101110
0110110100011010
1000001101010100
0011000011000010
1001000100000110
0101110000001100
0000010101001101
0111010010011111
1111111000111000
0110011001111011
1101011011110010
0010101111010010
1010001100110110
0000001010110110
1111111110001011
0111001101101110
1000001111101000
0011100100000111
1100000111010010
0001010000100111
1101101000001101
1000011100100101
1001110011010110
0111010000110000
0101011110011100
0100111100101111
0110110111100001
1001101001110000
1000111000011100
0001000010100001
0110111010001001
1000100011011010
1000011100011010
0101110011110101
0100010001010000
1010011100011000
0100101000100100
1101011001001110
1010110100111111
1101101010101010
1010100010001001
1001001111110010
0000000000010011
1101101111000001
0000001010001011
0101100101101110
1011001110110010
0110001111001010
0000000101001110
0101000111010001
1011011001001000
0011011101001110
1111010100000110
1001011110011011
0010000111011111
1110001110001000
1100001000111001
1001110110011010
0001011111001101
1100100011110111
1101011101011101
0001111110010101
1001010100001011
0010100101011111
1101110010001111
1111001100011000
0111100101001100
0111111010011001
1110100011101010
0001001010100101
0001010011110101
1000111000010101
1111010111101011
1010011011001001
1001000000111000
0111010110001110
0011110100110100
0100011101111000
1100001101001001
0000111101011001
0000001000010010
1111100111001011
0000101001010000
0100001101010010
0111000011001110
1110010001111100
0110010111010110
0010111000000111
0011100111001100
1101001110111010
0010111010001111
0000101111001011
0100110010100010
0101111000101000
0110001010100111
1000011000001110
1011100100110111
0001001111101010
1010010101011011
0001110000101100
0000000000101101
0011100100110010
1110000111101111
0110100011110101
1110000010111100
1011010111000110
0001001010101101
1001100001011001
0110011001111100
0011011001010000
0000000100110110
0100111111110001
1010011010001000
0110110100101010
0111111100000100
1101101110111111
1000010010100000
0111011000011000
0100000000000011
1111011001111000
1000001101011111
1101100110011010
0000011101000000
1101001110100011
0111001000001011
0001111110100001
1010111001111100
0110000110101111
0111110101001011
1001001101010100
1010010101100111
0110000010110001
0100011000010100
0001110110000000
1110010100101001
1100101011101010
1111101010111010
1101000001001011
1100011010000000
0010001011100101
0110110000000110
0111001010111110
0110101010011111
0010110000010010
0111001110100111
0101011000000001
1101110111101111
0101011101000100
0111111011001100
1111111110110011
1001001100001111
1001101100011011
1011000000111111
1110001100010100
0001110110010110
0000100000101101
1100011010000011
1111010010010000
0010011010011011
1001110000110111
1111011110001000
0111001001110011
0000100001011010
1011101111110111
0110111011101101
1011000110111001
1100111010011000
1100010001101011
1111111101000010
1101111011011011
0010001110100000
1111010011001111
0010011111100111
0100111100111000
